1389784388
1389784100
1391013416
1389784388
1389784100
1390992478
1390886065
1390886065
1390886065
1390886064
1389364240
1389366078
1389354005
1389089848
1389153491
1389153473
1389153446
1386851581
1386636543
1386565682
1389063203
1389052428
1389052428
1389052427
1389052427
1388859341
1384384611
1382833391
1382121541
1380817176
1387379257
1387293307
1387199302
1386955265
1386953880
1386882353
1386860731
1386858711
1386618889
1386775895
1386682901
1386618889
1386682550
1386557574
1386121238
1386120012
1386055764
1386026629
1386026460
1386026446
1386025995
1386025838
1386025741
1386025637
1386025637
1386025637
1386025636
1384888276
1384829454
1384829290
1384829259
1384829234
1384263437
1384181386
1384179102
1384157081
1384157046
1383959270
1383959265
1383609775
1383592957
1383007865
1383005294
1382970848
1382970848
1382957110
1382688720
1382663143
1382663143
1382663142
1382663142
1382663142
1382663141
1382656985
1382656353
1382656333
1382656333
1382656333
1382656333
1382656332
1382656284
1382656284
1382656261
1380734275
1382560450
1382506811
1382506619
1382062256
1382089522
1382090414
1381915665
1382017492
1382017492
1381795802
1381492547
1381285987
1381285982
1381285936
1381256433
1380608577
1380608574
1380897062
1380882469
1380812421
1380856318
1380840124
1380840020
1380784200
1380685564
1380579603
1380574204
1380574203
1380527517
1380541812
1380527517
1380327417
1380327086
1380259358
1379987336
1379987315
1379987250
1379987250
1379987220
1379987190
1379987141
1378127724
1378127691
1377537576
1379549053
1379424232
1377729566
1378848783
1378848591
1378836017
1379439360
1379466630
1379375692
1379375620
1379308485
1379345846
1379436547
1379434498
1379434495
1379434485
1379434482
1379434479
1379434473
1379434466
1379431533
1379424232
1379345846
1378127724
1378127691
1377537576
1379342913
1379417432
1378959413
1378789853
1378789836
1378789522
1378789386
1378787747
1378784359
1378470812
1378796617
1378412717
1378402178
1378331894
1378111317
1378339306
1378323877
1378323875
1378323844
1378286460
1378286459
1378286459
1378286459
1378286458
1378286458
1378263724
1378264091
1376683817
1378198375
1378169677
1378097595
1378097595
1378097535
1377658754
1378083574
1378083574
1378083571
1378078064
1377769445
1377769424
1377772724
1377772707
1377769445
1377769424
1376571729
1377510393
1377235028
1377154559
1377154559
1377113306
1372896511
1376938680
1376938620
1376938560
1376938440
1376938380
1376595854
1376526105
1376520360
1376415262
1376463381
1376402202
1376398116
1376390674
1375999686
1375999669
1375999669
1375999662
1375999196
1375998988
1375954710
1375954710
1375954710
1375954710
1375954709
1375954709
1375954709
1375954704
1375954656
1375954656
1375954656
1367567317
1374551672
1375981189
1367567317
1375724406
1376053863
1375329769
1374721309
1374718054
1374665379
1375769492
1375769707
1375750027
1375670092
1374822875
1375724401
1375459637
1375406945
1374170393
1375179033
1375178793
1375088106
1375088103
1375088101
1375088098
1375088092
1375073796
1375067388
1374721309
1374718054
1374665379
1374866254
1374862109
1374551672
1374802522
1374762708
1374551672
1374651066
1374650586
1374200479
1374157367
1374141458
1373978741
1373992436
1373989153
1373978741
1373965236
1373642511
1373621001
1373555194
1373478688
1372184966
1373461399
1373405705
1373400118
1373359314
1373055712
1372988993
1372972794
1372901911
1372901859
1372944312
1372944142
1372904245
1372901911
1372901859
1372898672
1372898166
1372897257
1372897206
1372788932
1372509035
1372483938
1372176067
1372469912
1372469910
1372427396
1372176042
1372332641
1372207076
1372188251
1372176067
1372176042
1372029782
1372029730
1371927531
1371715279
1371680666
1371667723
1371611384
1371549638
1369163867
1371085037
1370895007
1370894993
1370894978
1370894965
1370894952
1370894941
1370894918
1370894901
1370894875
1370885548
1370885548
1370855171
1370633104
1370628400
1370628400
1370604780
1370301786
1370301768
1370286080
1370279741
1370279603
1370179586
1370179566
1370179546
1370179516
1370070166
1369961647
1369961595
1369961546
1369938352
1369860221
1369870530
1369870394
1369864570
1369860221
1369841919
1369827397
1369800652
1369739947
1369700244
1366754055
1369545009
1369490468
1369416140
1369415987
1369415513
1369415492
1369415478
1369415459
1369415444
1369415424
1369415611
1369415408
1369415391
1369415369
1369415348
1369363176
1369311981
1369309848
1369309580
1369250546
1369238728
1369238726
1369236631
1369162463
1368988018
1368747068
1368747068
1368747068
1368747057
1368747042
1368747041
1368477239
1368665507
1368533682
1368533682
1368504750
1368458061
1368435949
1368418675
1368418656
1368418620
1366754055
1367441713
1368103535
1367983943
1367983875
1367868493
1367929628
1367884245
1367866783
1367865047
1367864521
1367854443
1367782121
1367768977
1367768953
1367768925
1367768879
1367766983
1367766958
1367741389
1367737663
1367737624
1367737594
1367737485
1367703620
1367681735
1367662361
1367657229
1367613748
1367619486
1367593181
1367613748
1367354179
1367471607
1367507089
1367364055
1367464423
1367464379
1367456551
1367449142
1367572218
1367569444
1367569205
1367569201
1367569198
1367569195
1367569192
1367569189
1367569186
1367569183
1367507089
1367364055
1367553571
1367544338
1367544257
1367523580
1367510629
1367416273
1367471607
1367354243
1367354179
1367437207
1367435445
1367420947
1367294764
1367105123
1367102690
1367352099
1367385309
1367352099
1367330684
1367330645
1367335015
1367330684
1367330645
1367213937
1367258800
1367240699
1367094588
1367012949
1367015032
1367010683
1367002125
1367001742
1367102653
1367089450
1367089649
1366992139
1366923172
1366864119
1366896887
1366907394
1366856665
1366860761
1366837027
1366835348
1366831819
1366820025
1366731760
1366664482
1366683402
1366682869
1366682716
1366682391
1366680234
1366685137
1366575239
1366513920
1366501584
1366604553
1366645534
1366632850
1366632765
1366635512
1366632850
1366632765
1366471078
1365903424
1366474588
1366140283
1365963523
1365641857
1366070883
1366069775
1365780513
1365990775
1365684477
1365732485
1365511662
1363654472
1365509865
1365521355
1365521322
1365521318
1365511662
1365511662
1363654472
1365470768
1365472674
1365475502
1364214899
1365024702
1365024529
1363622037
1360233399
1364846815
1364933912
1364858777
1364852118
1364609518
1364599100
1364607963
1364846815
1364787674
1364856090
1364787674
1364841419
1364595178
1364590578
1364240654
1363980744
1363996628
1363921664
1363921173
1363924888
1363890315
1363884353
1363915242
1363890315
1363884353
1363829744
1363830553
1363824727
1363718820
1363668224
1363695834
1363567067
1363550235
1363506916
1363506915
1363412122
1363309262
1363325182
1363309262
1363319607
1363309262
1363232689
1362963742
1362955137
1362939072
1362938381
1362934574
1363130910
1363113295
1363102094
1363101402
1363119390
1363113295
1363102094
1363101402
1363043367
1363043027
1363032882
1363030274
1362963742
1362955137
1362939072
1362938381
1362934574
1362951460
1362766041
1362763740
1362761396
1362698086
1362450433
1362495395
1362495395
1359502671
1362175563
1362456291
1362413856
1362410685
1362410685
1362002386
1361825239
1361905453
1359502222
1360890658
1360687379
1360619817
1360250182
1360077858
1360301708
1359502222
1360132834
1360082085
1360089259
1359417569
1359412947
1359411703
1359150268
1359149991
1360019245
1360015056
1360014950
1360045768
1360045718
1359417569
1359412947
1359411703
1359150268
1359149991
1360019245
1360015056
1360014950
1360001817
1359983327
1359760285
1359756803
1359419597
1359504105
1359419597
1359423659
1359423626
1359405612
1359150404
1359141991
1354550869
1359371301
1354550869
1359148882
1358988618
1358903541
1356986421
1358544021
1356986421
1357994433
1358230525
1358205720
1357142198
1354246299
1354066677
1354057702
1354057702
1354048325
1353713621
1353990856
1353990850
1353713621
1353698826
1353604538
1353358349
1353030484
1352964760
1352964759
1352947106
1352927004
1352853985
1352398642
1352385192
1352339954
1352250071
1352168053
1352172608
1352168053
1352169271
1352161563
1352141375
1351729563
1351710572
1351642339
1351699122
1351633178
1350436746
1349808626
1350049538
1349808626
1349216133
1348543918
1348674721
1348267334
1348009653
1348184827
1348009653
1347056006
1346446777
